1836704791462076600
1836701388090519719
1836701337142407590
1836679509212631258
1836678835452137937
1836675552830460149
1836674811483066470
1836666702865793062
1836642971825082643
1836642329417089257
1836640645349544289
1836632591438602507
1836448367645458664
1836441003731148803
1836433945501798573
1836430115770974284
1836385230703464921
1836379280043053525
1836379262053683286
1836375802310726039
1836375718554673464
1836374864153973155
1836373545099891087
1836372527708540945
1836368844983800065
1836368427323191356
1836367848731742226
1836362069693862133
1836356401846981000
1836346976142868990
1836338072189050968
